45
45
30
50
45
140
135
35
30
35
55
85
85
90
70
30
120
50
55
70
30
135
50
40
5
90
120
50
45
80
40
35
40
40
25
30
25
35
35
20
25
35
35
80
25
35
30
35
45
100
25
105
105
50
25
135
80
30
50
40
80
70
20
30
45
45
65
40
40
95
60
40
40
160
80
45
190
65
30
45
55
95
40
95
50
70
35
120
1310
125
100
70
55
40
25
30
1880
40
165
65
30
35
75
25
45
50
15
360
25
110
65
75
35
35
25
45
30
40
35
35
60
40
50
25
55
35
35
60
35
95
100
35
290
65
30
45
80
50
40
60
20
80
35
150
80
115
25
35
25
80
50
45
125
60
100
45
20
30
300
85
25
55
25
165
50
45
230
30
105
70
40
40
60
20
35
130
25
50
130
110
35
50
35
45
40
70
40
130
60
155
25
400
85
55
60
50
75
45
110
20
50
55
80
25
50
25
30
45
35
30
45
30
40
60
1165
1395
30
34
25
30
100
70
60
55
30
45
50
55
60
50
100
35
75
45
65
80
116
105
45
40
70
25
105
50
110
30
70
50
35
35
30
30
35
100
25
40
80
55
320
45
45
30
95
100
30
55
65
40
70
50
95
40
20
30
25
25
120
40
30
30
35
60
50
60
85
85
45
20
55
35
50
95
30
30
395
1320
35
40
50
35
85
30
40
20
30
35
140
50
90
155
40
60
25
35
35
45
50
50
95
55
35
80
60
105
105
45
50
30
70
15
40
60
34
85
90
65
55
65
45
80
75
175
195
85
40
50
55
35
105
30
25
80
120
20
60
30
30
50
30
70
110
65
35
80
30
25
45
40
65
290
1250
20
45
45
95
45
55
80
45
35
60
30
80
125
70
40
90
100
105
35
60
35
65
70
30
45
125
60
75
15
45
50
55
65
45
55
95
25
75
140
55
110
70
55
60
60
70
30
80
45
25
90
45
50
20
45
35
20
40
25
40
95
60
40
45
40
30
30
30
80
40
45
110
35
110
45
110
40
30
35
45
105
35
90
45
22
60
25
50
50
25
55
35
55
75
45
45
30
55
35
75
75
40
20
80
40
110
50
50
65
120
70
30
30
50
140
160
135
45
180
100
20
70
75
70
85
185
45
105
30
55
20
45
60
50
70
30
90
30
15
55
40
45
145
30
65
55
45
30
45
45
50
20
60
80
50
55
80
45
60
70
85
40
35
30
