680
785
610
1005
560
1200
565
920
1020
1200
710
555
900
925
840
1035
830
555
635
755
1035
965
1110
1280
815
560
790
690
800
835
650
700
660
770
900
750
1135
600
690
560
1000
650
915
570
570
990
770
890
695
1160
760
870
710
655
710
680
700
755
970
950
555
752
730
650
370
660
985
640
695
670
1060
675
860
860
870
700
1110
790
720
830
1215
920
1045
1000
1045
790
915
595
1005
775
710
1070
840
780
635
555
1140
1280
1155
850
960
655
1020
885
1005
1080
1020
565
640
685
770
550
1015
710
1240
1110
1110
805
840
665
545
700
765
980
710
565
915
817
1070
585
905
1180
1170
710
760
570
1025
795
615
1180
1015
1060
685
630
640
1025
730
620
1120
870
1130
560
885
840
1050
740
700
635
1290
755
1335
645
660
575
920
595
750
860
570
825
615
615
1075
1055
655
990
760
715
935
1135
760
1010
595
770
1070
635
860
775
735
635
795
600
540
570
560
850
735
1010
665
1070
1005
790
605
550
800
800
710
960
650
955
870
990
800
963
1095
725
1200
826
655
580
530
600
720
745
640
1005
720
845
560
1060
840
725
645
685
915
550
744
690
855
755
635
825
705
600
610
790
735
700
620
845
750
1105
975
740
700
730
610
975
1170
745
1180
680
775
640
725
990
680
715
830
720
870
750
900
700
740
895
795
560
1020
570
1150
840
735
985
520
1270
775
1150
760
855
605
625
810
695
1145
920
940
920
880
695
1000
875
730
1055
960
775
780
1130
675
740
540
965
790
1160
980
1070
605
555
555
555
735
1090
835
945
645
645
1165
770
1060
820
955
930
660
840
735
880
660
995
935
750
660
950
545
735
975
865
595
655
390
550
660
1030
610
590
630
845
700
700
1000
755
920
1015
820
710
990
540
995
615
610
610
1240
1090
790
605
595
650
830
540
870
795
600
720
765
760
1230
630
1090
710
620
845
920
735
640
665
680
685
960
700
780
945
690
1030
960
850
810
780
650
750
890
1175
785
960
695
550
755
850
640
1080
545
890
880
720
650
770
705
1200
750
630
790
990
605
820
1170
690
690
590
1140
810
610
1090
900
1040
540
540
820
1160
750
1020
550
650
1045
700
555
675
815
915
748
575
930
720
1000
790
640
870
705
900
1040
1125
660
700
1000
750
840
760
765
605
800
845
885
615
725
660
630
500
740
110
880
1306
560
600
865
765
830
920
920
885
640
750
670
555
725
1110
650
990
860
990
1105
740
965
630
960
1035
615
720
630
600
760
885
635
995
600
625
1166
1215
805
875
1145
955
650
700
580
1140
780
720
1200
560
740
810
