1238
252
1264
454
1215
703
822
643
841
925
1395
661
701
1255
959
1055
166
797
785
710
1335
791
811
914
228
807
749
990
861
73
327
816
830
924
1009
1077
1115
825
626
24
78
822
747
1016
844
710
1144
845
395
1255
842
984
1069
1090
676
888
896
907
913
921
732
697
704
833
636
727
1181
904
1094
1409
816
927
938
758
1212
1024
770
454
902
968
1003
863
214
901
598
1073
1204
1148
1162
1206
1126
880
212
782
611
1106
911
724
731
1112
1273
638
913
1090
1094
74
310
7
514
1051
1069
653
743
1121
1295
655
22
800
1389
763
830
25
433
1089
684
1126
689
912
845
697
846
1030
1061
916
706
474
210
697
291
471
713
839
639
1131
536
1244
739
622
648
943
844
821
1192
1251
1277
339
578
32
1339
337
283
330
854
1088
783
726
1039
1052
1094
847
322
895
684
82
897
97
1113
1136
915
1182
1105
202
716
971
776
335
953
880
967
717
865
890
134
374
1243
641
1391
726
1081
1109
146
300
638
242
1056
48
805
1147
833
684
782
816
947
719
17
870
1288
1022
996
1353
1403
984
1192
34
1048
1275
919
1264
64
1373
894
31
337
896
1341
1249
1351
819
853
1039
1141
742
1045
819
1098
38
884
1204
389
288
842
1166
891
1342
26
996
1008
243
667
91
1022
717
923
1273
1218
819
15
1163
962
1178
896
718
1084
761
807
833
894
787
810
466
879
1346
46
1346
666
1008
80
749
780
683
709
722
1139
1055
1311
1289
1372
1078
1316
106
1038
963
87
889
860
1385
686
684
996
759
879
1294
854
874
1220
449
957
186
949
1127
11
1059
99
312
748
1301
765
836
135
194
230
927
665
1123
1228
945
310
755
723
875
889
748
707
1295
861
876
1006
955
667
1118
1023
686
763
899
841
1172
27
438
902
1063
687
772
849
969
906
919
1032
562
1144
88
1089
212
1081
1150
1144
659
866
692
895
916
703
1133
73
752
1154
1213
1233
1374
788
289
53
737
778
1126
1337
947
24
766
1434
1123
667
787
536
997
753
776
946
1151
1012
9
1166
1284
426
730
992
978
1261
944
1272
1289
1251
63
832
836
975
1071
588
1245
708
972
1288
1074
1210
1272
1163
686
44
1328
621
144
751
669
765
745
1065
1297
1437
1093
919
764
885
739
1182
240
592
596
202
420
590
1365
288
604
832
1338
514
583
434
964
1341
317
816
28
1298
1172
826
176
1181
950
1023
1036
877
1089
92
688
736
719
1099
1425
35
726
1330
744
659
1278
699
1409
649
581
686
885
903
776
668
884
1001
1168
931
12
761
825
972
236
303
571
1234
365
949
1070
1199
88
1137
822
1353
350
743
710
903
1012
780
697
937
698
1179
836
964
873
1315
854
1396
1405
1015
1001
1191
1326
675
1207
1382
1023
1031
1315
1074
1270
673
1285
832
821
1155
1345
328
809
803
925
594
609
599
1177
773
847
946
972
993
58
1066
885
923
753
789
1284
631
731
750
839
819
1056
811
1273
256
344
190
591
916
744
213
1127
1214
1104
218
806
1177
875
945
0
263
649
679
938
998
1080
899
933
918
845
885
96
791
818
107
122
750
961
498
1095
1156
1229
1179
1003
751
747
788
1350
372
858
243
1266
688
871
688
864
852
1063
752
94
1084
1106
373
1103
48
833
744
705
646
984
1164
105
725
1097
1063
162
382
544
774
946
970
27
1207
1050
1318
351
828
610
762
781
725
20
1043
1104
1288
708
889
874
17
990
923
1346
950
1173
1075
1089
746
1186
113
874
856
863
799
1299
742
997
891
1021
1295
714
191
735
1111
906
1316
1116
1144
838
978
949
580
1333
174
833
846
881
838
1366
577
913
1172
307
996
866
887
1248
1030
688
572
675
1136
927
1123
847
1044
22
842
834
1084
108
506
1040
1013
714
748
995
1049
1077
1046
1081
1311
155
799
364
873
801
915
1020
1044
1051
1172
1104
645
1145
388
594
841
1164
826
854
413
1313
949
1081
1113
44
627
864
403
1184
1061
783
803
954
974
798
1045
1201
838
929
955
1053
774
470
835
1015
940
1143
650
684
994
1213
592
1221
1224
789
1009
872
898
916
929
208
606
1258
162
1005
761
916
1056
11
880
1185
687
798
911
730
945
743
210
937
939
253
417
783
770
1036
1065
838
656
802
1150
962
219
771
122
443
779
841
1065
1439
1074
1295
1145
1030
505
787
403
1110
455
844
883
911
49
675
1195
1214
1304
1340
1036
1240
740
593
808
792
1153
381
733
249
903
957
1010
82
705
744
770
978
980
634
544
140
945
1239
1105
883
269
1154
1349
47
283
1265
805
1266
810
845
258
603
790
744
914
757
1276
768
1019
103
851
1377
1222
734
647
666
855
922
247
694
842
814
821
811
989
536
1128
1008
144
1126
811
743
911
949
672
1394
1290
361
738
749
790
754
954
1073
1082
1050
899
1354
786
733
651
934
217
923
736
1319
710
922
177
1172
697
170
416
264
616
784
659
984
782
950
251
349
782
523
953
953
859
1122
1008
635
978
73
1299
564
950
1305
61
1206
749
817
31
1104
1081
27
202
686
1004
716
1292
1386
706
270
1095
1313
1347
994
90
753
1330
82
508
443
965
927
722
736
723
828
899
899
871
1402
1051
987
893
818
919
1398
744
843
1165
1363
767
913
427
945
1289
1314
347
765
709
922
1314
1049
530
907
708
13
400
1116
565
350
89
1202
885
830
857
1427
572
828
870
801
935
590
1217
206
1186
651
694
1055
1198
1262
302
1238
479
903
545
672
1007
1012
1226
1245
878
1250
994
440
1013
796
1261
1254
667
956
1027
1292
1150
323
758
1358
807
33
1133
1011
914
1217
112
690
1332
1309
140
1061
1177
551
528
1056
58
914
852
1221
951
1357
945
718
919
1357
684
1011
414
57
239
972
741
922
1297
808
138
956
205
762
919
1427
677
697
843
971
919
9
979
1186
385
484
846
683
1083
946
760
60
884
751
1017
1230
688
588
1303
710
637
913
797
873
987
544
812
1238
673
665
1155
1233
870
549
1311
872
1176
1195
760
777
998
919
163
1140
50
205
451
659
932
1252
269
375
891
950
1191
359
976
1166
779
1241
815
736
1234
53
912
650
52
262
340
814
854
1008
721
775
1234
812
908
1176
36
709
683
1028
768
943
1225
1248
1132
814
792
797
711
43
746
628
673
1082
1416
1181
205
1268
949
988
1414
7
14
313
908
468
816
1073
1028
873
951
1194
219
702
968
945
899
705
893
1216
1078
1066
1291
926
1298
1406
1188
1195
781
959
1131
1183
1304
268
492
1389
979
870
1051
1004
965
1413
1435
239
363
795
1068
1304
1273
920
798
871
848
1256
1148
739
1308
1290
444
653
720
745
1150
840
885
687
417
459
941
841
1392
190
750
846
797
1148
124
1155
228
269
728
1165
1076
752
764
132
1258
699
752
862
1180
179
1038
1219
38
1096
1311
961
686
7
439
582
752
984
941
818
890
1187
1364
1280
861
586
888
837
816
922
1258
495
1042
1234
932
580
1053
621
230
78
236
1367
4
827
886
1086
900
727
1022
1136
814
880
890
1073
655
826
855
742
815
295
893
834
918
1007
998
779
964
951
679
686
780
719
374
967
284
545
820
827
783
953
278
29
743
1193
676
1268
920
14
896
934
764
764
930
974
1019
1334
926
699
1160
494
994
1054
776
897
1002
1378
994
530
1167
930
1178
501
587
556
779
1142
4
779
44
88
1312
783
1149
1253
1305
566
199
909
289
702
1173
852
1187
1422
1047
174
722
772
822
651
1024
1133
508
1048
266
536
30
325
937
1021
30
671
744
861
588
1298
1098
545
679
650
670
787
734
679
763
864
1342
654
926
928
1159
1234
1007
647
838
890
748
810
792
1000
280
856
618
828
757
792
876
1248
165
935
1042
1024
996
1252
213
752
1285
1071
1367
1436
19
692
17
462
1029
384
871
1065
775
392
371
1090
1072
1169
1084
1112
677
328
751
1005
683
809
928
628
730
669
768
807
831
878
1133
660
678
726
806
759
218
1047
943
912
887
689
912
908
741
790
815
389
613
449
541
909
1032
1013
921
978
1023
1146
1207
47
129
1319
946
562
1157
673
908
706
795
681
890
285
586
809
704
749
76
895
1054
132
736
160
837
829
751
800
927
1270
1321
717
824
551
551
1351
754
517
686
705
1243
783
238
1399
336
797
82
953
1060
1043
1084
1096
1125
758
352
940
962
1049
1133
1255
951
240
639
625
78
393
536
973
1113
5
778
788
103
537
735
1346
1116
1132
1224
1273
746
78
722
870
1002
805
671
49
855
805
858
903
370
686
872
1343
350
902
958
1092
1105
1120
819
835
92
1144
622
1183
578
466
855
897
718
228
699
506
943
1142
1225
976
676
780
404
967
893
1127
1044
1092
943
1318
54
772
981
802
817
294
763
962
1268
838
848
779
864
888
501
699
597
665
1006
1013
787
874
36
219
885
975
1116
1187
818
744
619
177
187
489
746
1352
153
191
449
907
18
712
434
1098
101
726
997
1057
510
766
1171
1220
454
770
896
935
1202
109
1209
586
1193
974
832
876
1281
1345
719
923
969
785
1129
699
1014
939
591
966
1085
675
896
952
774
127
1043
319
261
668
797
788
19
137
799
253
1157
610
926
927
517
252
753
948
1084
1363
1059
1083
138
350
416
875
884
1382
419
1088
1059
838
1285
946
645
1109
1117
1188
313
124
760
699
112
519
977
980
1273
37
1019
1175
102
749
839
1013
1131
484
240
662
705
679
778
720
850
752
63
940
188
818
88
754
1284
106
1011
81
815
839
1054
886
1138
33
823
952
718
831
736
600
836
1144
85
501
694
945
1146
1403
34
736
961
1000
1063
780
1058
1270
1091
1012
427
984
810
1029
809
640
96
854
1187
541
780
1407
1207
745
1183
1398
1057
705
1081
1105
631
8
852
1066
1089
1207
781
1081
979
209
202
750
645
1060
1231
929
1163
369
765
219
128
911
183
705
1180
871
721
118
1124
672
1004
816
43
898
1081
976
678
1002
1060
1155
67
1233
33
202
199
1208
970
1010
850
804
910
914
50
1365
994
1170
1217
1427
247
807
870
934
83
945
1266
39
621
883
336
469
86
781
739
2
668
29
576
1052
336
1122
1139
741
927
844
884
1181
1189
1001
256
1024
946
34
1422
859
511
680
843
75
1154
108
305
994
1107
1315
450
1183
719
786
857
922
876
1344
900
891
931
1051
835
591
763
710
857
1121
807
887
881
354
504
958
150
174
1083
384
1082
554
1030
623
677
970
709
656
927
440
98
632
732
622
1012
639
777
737
1320
876
49
917
1005
270
1356
796
773
788
1025
948
651
953
1215
825
891
1336
1085
1262
119
43
769
1416
869
1029
1105
836
1039
858
1018
1014
693
757
799
810
1010
972
972
1054
944
123
310
1181
1205
1209
175
768
802
834
626
1194
1070
1315
1339
1138
855
977
1062
1255
814
504
105
179
1037
177
639
597
596
51
15
112
688
701
788
1146
806
991
248
877
476
113
798
1226
700
918
935
1162
603
907
955
1019
682
652
1415
1080
790
1034
1380
113
814
555
1003
127
749
1252
80
777
165
435
591
808
476
89
1368
796
844
945
1218
659
977
967
996
1035
1071
1087
825
1262
104
1350
619
792
601
963
90
12
527
1280
1114
556
859
1178
714
936
1247
32
1098
655
701
727
635
884
1138
1331
1081
363
879
1067
1171
3
23
352
992
1237
768
1083
746
619
8
386
70
414
1007
784
1214
682
119
1319
1344
1358
1171
965
261
469
560
857
1120
946
361
836
642
788
800
960
1028
768
1334
1012
1401
26
691
751
102
1176
1244
46
729
1416
1287
1208
1089
845
583
680
258
500
831
765
671
1186
115
275
787
732
735
738
78
661
1392
702
855
508
941
1064
774
1085
721
905
948
1149
827
1409
1256
331
689
856
1047
1098
1031
1312
112
1004
784
308
1074
98
1098
1061
862
1086
1158
1293
700
809
816
1357
965
1112
1273
976
651
1111
908
630
1056
1253
758
1319
923
1176
1044
29
897
1182
514
644
672
1316
1002
824
1043
853
737
916
834
931
903
1182
1085
689
860
966
737
882
1042
902
146
298
1203
1295
302
791
911
724
1194
480
564
1295
606
1173
1065
1229
512
884
1039
847
1439
710
731
58
31
1000
1182
1335
671
1135
801
170
650
474
1368
1320
376
447
1006
841
244
867
1078
1139
106
1329
854
1013
1108
22
740
893
1063
1422
1178
844
712
643
884
670
983
849
1025
903
918
1386
1024
1085
1109
1134
1147
33
1102
999
1305
1275
854
388
981
1187
999
889
900
917
738
650
1422
1030
1320
1053
297
726
609
643
895
671
1021
1061
1287
690
1358
1166
524
798
129
825
1422
1009
730
705
704
1195
1154
1431
1346
527
1208
653
686
65
988
1097
1111
841
822
134
667
948
829
1433
198
1131
950
1321
1246
4
987
910
860
807
1043
1141
612
49
705
720
1305
881
664
1225
460
957
738
1144
849
1385
932
42
952
687
1078
1181
653
668
845
906
812
918
298
1198
571
554
735
885
940
730
1021
628
241
740
180
1073
72
461
1269
1393
305
1316
1009
1104
1407
118
1397
904
768
759
870
1260
536
906
399
32
488
1363
700
1108
743
750
1143
900
763
1080
508
918
808
986
994
257
1277
920
1117
776
1275
994
41
1055
1222
851
544
678
733
749
766
1058
159
876
667
876
712
26
742
875
1286
1426
540
958
66
636
796
1419
326
270
932
919
697
745
671
760
1118
40
869
626
936
1293
984
989
1033
919
894
1028
273
399
828
973
991
396
93
149
1011
1088
1198
1087
40
1012
1285
293
261
443
1301
1330
655
746
840
419
751
571
829
1040
980
1439
241
835
823
966
845
888
702
757
819
904
743
1180
898
827
994
463
750
754
592
642
12
985
666
1332
825
720
731
324
740
1188
245
1199
570
751
992
1027
791
663
1354
440
1023
647
747
762
785
231
1152
647
864
912
1246
390
738
985
982
1069
204
940
681
806
906
970
1126
1289
1324
1065
1152
1291
778
1212
943
717
1091
1139
0
519
952
817
682
978
868
744
151
864
1019
1281
1376
14
25
1017
347
1318
1123
122
708
1292
796
146
884
1086
138
309
1203
559
747
717
1040
1413
1119
799
1228
1253
1059
45
882
733
102
765
1278
777
11
800
829
904
86
836
1050
1063
573
921
983
1038
1094
1197
264
634
737
866
1067
92
15
1126
696
1086
717
590
963
1090
1133
71
336
1262
19
937
1184
1237
611
912
605
1297
307
666
1402
31
37
157
799
822
1210
1256
925
701
835
800
1053
658
1118
54
77
931
1069
1232
22
23
500
521
1412
160
1152
1084
445
1180
26
1352
75
1087
1070
736
782
1281
223
700
1292
772
842
1042
64
886
1204
947
1219
382
514
922
1049
687
844
849
814
871
49
84
1004
1179
797
870
885
908
965
887
1176
795
1125
1155
296
505
993
1088
962
306
1124
1426
129
1252
1264
186
1050
1276
1403
704
728
825
1382
929
902
750
979
704
1403
682
798
437
829
192
1227
994
1207
475
1023
825
1312
465
47
1228
881
941
773
776
960
1379
731
1202
384
941
1068
900
1149
536
690
879
914
841
702
820
767
914
886
1045
1072
105
118
231
1043
668
7
510
838
1211
976
819
1288
1131
1175
506
1153
341
658
855
564
778
1172
1272
991
876
1037
638
1143
770
1278
1397
782
974
37
880
215
1000
603
1160
71
1251
749
744
803
910
808
731
759
814
673
1152
1142
606
948
445
950
905
770
1220
891
1146
540
637
809
369
842
930
701
1056
1405
905
808
995
1016
840
63
89
207
250
856
1017
1175
835
1194
670
782
725
738
1378
897
892
936
950
958
1346
478
926
961
304
806
953
742
833
1179
899
269
454
842
1209
741
826
1216
839
7
814
717
983
1257
991
1343
281
265
1368
1153
503
1174
49
150
1160
1101
1116
1010
1249
772
1402
1403
1013
302
943
1091
760
541
650
1020
189
12
92
1190
103
494
908
1118
1345
1392
43
597
154
875
890
104
489
823
617
1186
1400
43
1027
1052
905
85
1133
505
70
70
801
1076
903
930
396
1266
393
1191
1383
1417
850
1186
796
1332
495
758
1100
735
1252
519
672
713
861
924
934
725
255
1274
1287
711
962
988
895
922
1271
759
693
1254
1276
976
86
885
1408
913
988
807
956
910
949
1307
1328
805
892
1063
1354
722
913
845
257
949
1038
1044
140
465
759
531
536
1352
840
885
130
845
962
379
934
945
387
1185
859
676
590
975
1007
1288
769
950
765
835
783
799
993
705
571
918
1106
975
993
1098
144
1179
1247
1264
1063
968
979
1400
709
895
846
38
346
843
838
875
878
1128
1243
805
954
1412
874
972
1030
372
1122
732
1282
704
719
934
530
1157
802
896
949
9
1270
1016
1376
359
599
1024
745
1202
747
1241
1398
385
718
1430
99
13
1063
1008
787
956
968
15
22
514
1032
75
973
1201
1323
1128
152
322
1151
210
639
1101
668
619
748
338
652
1083
752
906
116
580
1014
610
622
304
745
851
865
876
1316
1116
1068
1049
1223
505
852
711
695
460
652
952
825
487
714
821
728
834
1086
942
360
803
1087
1147
1317
1028
18
164
970
1224
617
885
392
779
718
780
1057
1263
734
895
1265
911
1097
1179
1384
928
116
692
1313
764
828
831
851
1135
1263
804
852
1403
806
899
872
677
918
171
757
1170
1318
1356
807
1240
699
1093
1165
824
735
254
749
662
678
835
874
925
171
