6
17
3
16
20
14
31
21
10
9
7
21
16
6
5
6
17
19
7
21
3
30
15
17
15
12
25
17
4
17
8
7
14
14
17
17
18
9
6
21
13
16
5
11
21
7
8
14
21
25
16
10
43
31
16
14
35
23
9
15
16
9
14
18
18
23
23
14
8
24
12
10
9
13
25
20
24
8
16
15
16
13
28
5
15
20
20
18
7
7
7
8
10
34
21
16
15
45
8
39
20
10
10
14
26
20
7
15
29
21
5
19
20
29
7
19
19
16
14
7
16
20
7
79
23
4
48
1
14
17
14
15
13
15
14
5
15
10
27
17
5
7
17
11
19
7
10
22
14
4
61
14
8
6
23
15
11
11
8
7
52
8
10
10
15
18
17
27
20
5
7
21
29
28
9
8
14
19
12
20
21
15
18
13
16
11
10
16
6
46
7
17
24
20
15
8
8
11
14
8
24
7
14
24
18
14
8
18
10
15
15
7
9
7
49
17
27
9
8
13
14
11
18
17
11
22
19
8
42
22
9
8
26
16
10
1
11
12
15
6
23
6
18
16
7
8
8
7
23
6
13
23
19
14
18
18
8
3
17
16
20
20
8
13
8
9
22
13
7
2
8
16
13
37
16
9
19
8
31
21
9
15
15
13
13
9
14
13
8
18
3
7
34
14
9
13
13
20
16
25
21
18
14
15
9
6
41
30
14
7
12
13
15
16
19
7
13
6
9
8
23
8
14
21
14
10
6
19
6
36
31
17
16
29
6
8
7
14
16
29
5
8
23
14
13
88
12
11
6
13
20
27
6
14
9
17
22
10
12
16
15
5
15
2
37
10
10
14
13
12
8
8
15
9
15
14
14
14
10
35
11
20
9
21
9
17
8
6
4
8
7
19
31
8
15
8
6
18
5
19
7
106
31
9
13
7
10
21
17
15
16
17
8
14
24
23
22
65
16
23
9
19
14
15
13
4
12
12
4
14
17
6
14
8
7
23
22
14
29
5
6
10
25
12
12
17
16
8
5
19
13
27
11
8
17
21
29
85
20
22
6
10
28
15
15
16
23
18
19
20
8
10
13
21
26
19
8
32
8
6
15
16
15
7
8
8
8
22
8
12
8
14
18
25
9
9
15
7
13
19
14
30
16
15
9
20
9
19
15
36
9
7
14
13
12
14
27
14
3
10
11
14
8
8
11
19
13
9
8
21
17
15
11
3
13
14
12
10
11
14
19
14
9
16
11
21
20
17
15
22
9
9
26
16
7
6
16
22
13
14
9
7
7
15
10
30
13
10
27
16
12
9
21
7
55
7
13
41
25
15
10
13
9
18
16
10
18
18
21
15
12
19
5
2
41
14
15
16
13
12
15
8
18
9
8
4
24
21
3
26
9
8
9
8
5
43
10
22
5
12
8
15
11
9
15
13
25
18
9
5
2
9
16
17
7
18
7
19
7
11
4
9
5
14
11
16
18
17
17
19
15
19
17
17
7
21
6
2
13
19
7
26
18
4
11
18
8
19
12
7
7
9
7
14
15
14
17
18
9
12
3
13
6
17
5
14
17
16
16
15
13
23
14
13
9
10
8
7
10
21
12
16
24
23
11
7
10
7
16
9
7
14
8
8
17
28
8
15
6
17
15
7
8
16
7
15
14
19
8
26
6
14
19
7
5
12
8
1
7
20
6
32
22
12
18
15
32
27
14
14
14
14
9
14
15
16
14
16
4
8
9
12
10
7
17
14
16
15
21
21
14
24
15
9
9
22
34
16
18
9
16
15
16
10
16
11
10
9
7
16
8
21
9
7
9
13
16
17
17
15
11
12
10
9
8
5
7
8
12
17
7
15
13
15
10
21
15
12
7
19
6
10
8
16
8
14
7
16
30
11
14
7
9
14
19
15
10
4
21
25
11
26
9
14
20
13
8
8
15
24
19
11
15
29
24
13
15
8
21
9
10
9
10
7
15
15
14
22
10
23
11
7
23
14
9
17
21
16
5
8
13
5
12
21
17
4
18
16
5
22
2
21
19
21
21
9
8
8
21
8
18
26
5
11
13
16
8
18
9
4
10
8
22
10
9
4
18
19
15
8
42
7
39
16
16
21
17
20
18
19
4
16
7
12
12
8
9
16
11
17
13
9
19
13
19
7
17
23
16
11
14
6
7
6
18
11
19
16
5
40
4
7
11
14
11
22
20
16
11
13
18
15
16
22
16
22
14
10
7
7
49
18
5
13
5
20
11
6
21
9
14
7
13
12
18
5
15
20
9
20
9
7
18
6
6
11
13
15
12
14
15
25
42
8
17
22
8
18
6
7
15
1
13
16
19
7
18
21
12
16
14
10
25
2
5
15
18
11
10
7
24
9
9
19
29
31
14
8
7
21
31
26
16
17
14
17
15
15
11
16
9
9
39
14
17
15
14
8
8
20
12
15
8
383
5
8
11
33
17
23
15
9
19
6
8
8
4
18
14
5
15
19
15
20
10
8
17
13
9
9
14
12
6
14
8
15
19
7
24
8
23
18
15
7
9
20
9
15
17
49
15
13
21
22
7
8
14
24
16
9
5
22
14
4
13
11
26
18
14
19
16
14
31
22
18
14
19
9
16
13
11
10
4
21
25
18
10
21
8
24
3
10
12
15
9
34
49
18
21
19
14
16
18
12
17
8
23
58
20
22
22
9
14
7
17
14
14
7
11
34
22
18
37
16
10
13
24
16
7
27
8
20
16
4
13
10
4
8
9
5
18
18
18
26
5
21
6
23
7
16
14
15
17
9
20
9
7
18
20
16
49
13
10
10
14
8
7
6
15
16
9
18
4
11
16
10
12
11
17
14
20
7
7
34
10
15
14
10
19
5
3
16
12
15
5
8
9
22
16
5
11
18
8
13
16
11
14
8
13
7
9
9
26
15
8
6
17
12
3
14
13
8
1
27
19
13
8
14
8
14
11
8
21
17
30
7
7
16
6
9
18
38
17
9
15
16
18
22
16
16
21
20
17
13
14
7
19
35
8
13
22
21
9
16
14
22
21
9
4
16
20
10
17
17
11
8
14
20
23
14
7
13
15
16
16
8
8
9
14
9
16
4
13
11
35
17
11
3
15
8
21
7
15
10
9
9
30
8
16
20
8
16
23
18
20
13
16
27
16
17
14
14
18
10
12
9
21
15
17
16
22
17
19
10
9
15
23
12
19
26
14
16
15
21
12
8
15
16
16
6
21
20
9
15
26
11
13
9
14
9
16
16
15
15
20
20
6
21
8
8
7
10
25
14
20
15
9
6
8
9
15
15
16
14
18
15
5
16
8
14
13
13
19
14
14
12
7
14
28
10
18
10
17
22
8
19
17
16
5
6
10
7
13
28
12
27
12
7
5
22
15
12
14
14
12
17
29
17
11
17
5
9
13
8
11
19
26
26
16
18
10
8
16
16
20
16
13
16
15
19
16
16
5
4
11
9
41
19
21
16
8
20
9
12
8
6
16
8
6
26
15
5
15
22
9
18
5
21
19
25
8
22
20
23
20
18
11
4
9
11
8
14
19
41
20
8
26
18
15
28
11
15
8
16
19
14
15
31
7
13
9
21
9
11
8
18
13
7
27
27
7
16
8
8
11
15
19
21
7
8
32
12
7
23
14
16
22
8
7
10
22
9
8
15
23
10
16
18
19
4
15
15
12
9
19
16
4
13
18
26
23
8
16
11
20
23
12
8
42
17
7
10
19
14
14
14
14
24
8
13
46
7
13
16
18
25
8
6
14
23
7
54
13
31
15
14
19
15
14
7
18
8
47
8
18
23
23
11
20
17
16
8
41
20
18
22
19
16
18
17
9
42
16
21
13
14
8
19
15
5
9
31
36
11
7
7
12
14
26
17
9
7
15
29
9
13
13
16
2
8
10
8
16
17
8
17
50
14
13
10
22
14
21
15
5
37
16
18
2
21
10
14
19
14
14
8
23
5
15
11
17
11
13
17
12
22
8
17
14
43
14
7
7
12
21
18
9
9
9
18
15
16
8
7
11
16
10
19
18
20
4
15
27
4
2
7
16
17
22
9
8
16
16
6
16
16
9
18
16
15
26
12
19
16
9
17
19
10
23
28
5
9
16
27
11
11
20
46
12
13
15
8
10
20
7
15
19
11
13
14
7
9
13
15
20
9
14
2
37
15
22
5
10
16
12
13
10
10
13
5
12
37
18
11
13
19
14
14
6
28
18
6
15
26
17
7
7
15
12
10
16
9
8
15
25
9
16
16
12
14
8
53
19
21
12
9
16
15
5
9
17
30
10
25
6
18
8
9
23
12
16
13
11
22
9
11
9
11
23
14
11
8
6
28
15
16
14
16
10
27
18
17
20
10
15
25
4
18
10
12
19
23
19
20
21
8
7
7
15
16
7
7
20
9
23
20
16
7
10
41
22
48
14
15
8
21
16
15
7
7
18
8
17
7
44
15
18
4
20
8
4
9
19
18
21
10
11
8
15
14
13
51
26
6
13
17
6
20
28
21
21
16
7
17
12
17
16
12
17
5
18
28
3
14
8
8
12
9
7
10
17
22
29
21
17
12
8
1
8
7
19
15
8
7
23
14
7
12
8
21
