27
59
76
84
32
26
29
90
47
60
73
38
51
29
39
29
38
89
58
27
26
38
52
67
26
63
25
68
38
34
72
31
77
67
99
49
92
37
74
41
50
29
32
59
53
31
10
43
41
44
40
65
60
89
47
31
5
30
77
50
40
55
116
29
72
38
83
41
40
27
69
51
28
57
40
93
28
31
37
61
117
81
70
43
91
63
56
41
41
34
26
48
80
57
112
73
50
84
95
43
30
74
70
8
2
66
50
99
104
55
70
107
61
23
65
62
55
81
45
103
71
100
46
65
58
101
27
88
37
93
68
56
65
73
62
39
74
61
47
53
50
57
2
26
86
49
25
53
74
64
24
101
25
52
63
37
37
51
36
55
92
29
72
25
29
102
44
69
38
32
50
87
2
62
35
37
57
67
31
42
43
34
47
96
62
52
64
106
83
36
89
27
46
53
31
70
72
10
94
28
40
39
111
67
69
120
96
69
72
72
72
66
29
24
26
54
97
71
63
86
87
69
52
96
60
49
103
57
34
82
32
59
71
2
29
74
43
42
52
57
67
60
61
36
79
38
42
111
105
85
24
83
96
44
84
29
80
108
38
46
90
67
71
70
51
22
100
29
22
29
54
69
29
80
96
68
35
90
32
35
40
93
50
20
44
89
52
55
4
63
85
116
52
24
46
48
79
36
45
49
80
28
94
30
25
53
38
35
60
91
108
33
71
44
25
33
31
114
54
63
73
18
99
69
56
39
59
40
66
30
36
9
50
75
70
24
55
64
27
50
62
83
50
4
43
94
94
23
70
77
25
67
35
44
27
39
83
43
52
84
59
40
39
42
44
52
34
69
101
45
60
47
90
97
36
78
60
72
93
102
2
27
39
72
76
72
36
82
50
53
104
92
94
61
60
89
2
88
44
63
66
53
73
44
2
58
35
81
63
101
58
43
38
10
42
101
120
99
85
31
63
2
77
83
30
48
43
69
53
60
119
33
67
92
63
39
43
35
58
35
43
98
105
48
37
32
24
52
94
84
38
57
101
75
38
51
29
57
61
46
90
38
55
32
43
43
68
24
104
42
32
23
27
52
79
76
76
44
21
41
70
107
61
70
67
36
56
63
90
22
86
41
25
47
56
42
69
52
109
41
109
28
31
48
16
119
94
26
38
58
73
43
86
97
93
9
117
78
40
30
31
62
40
77
46
44
47
25
87
109
29
34
59
61
94
1
104
68
39
32
38
70
56
56
49
57
107
41
38
30
30
102
99
34
117
70
54
61
65
44
38
35
63
100
76
51
61
9
64
74
5
85
26
38
66
62
50
54
32
69
38
49
74
72
31
41
80
79
70
41
68
61
9
109
28
53
82
27
6
93
29
35
97
61
61
10
35
50
45
61
101
40
40
72
105
115
93
61
60
73
93
47
90
36
27
73
108
101
89
14
46
54
83
8
2
63
40
67
58
70
58
62
90
104
70
92
72
55
94
72
35
80
108
99
48
47
34
21
31
53
55
29
50
65
2
84
102
109
55
95
37
26
36
26
86
32
23
73
109
39
42
74
22
73
34
32
29
42
43
39
71
88
75
58
26
44
118
83
84
76
54
55
60
24
87
24
29
30
28
55
63
88
83
42
25
21
59
113
39
24
39
51
103
1
52
27
46
110
63
1
4
55
32
46
35
28
91
33
76
30
69
79
44
87
39
60
63
101
59
91
80
32
35
23
18
103
24
27
48
62
70
8
32
68
54
23
52
32
46
66
31
68
27
98
43
74
44
94
96
95
5
55
54
103
34
73
43
103
107
76
76
61
55
80
53
59
95
84
22
94
67
106
106
31
51
75
35
48
93
65
77
42
106
39
93
23
86
42
87
54
84
45
72
26
93
25
74
44
28
95
55
33
42
29
46
31
89
84
43
78
73
67
42
110
47
44
40
49
72
96
29
28
27
60
85
90
69
68
69
41
44
95
53
31
50
90
97
83
62
82
2
38
64
38
96
3
61
40
37
36
70
24
48
10
29
4
95
105
111
30
66
111
104
109
70
84
86
111
76
81
82
91
49
57
38
91
63
88
48
60
41
27
39
86
73
71
50
26
99
102
78
43
91
110
99
72
96
50
56
33
27
72
10
72
87
84
72
88
92
71
26
70
37
70
90
35
90
52
25
48
86
69
36
102
105
117
64
44
94
87
50
32
74
8
51
60
46
102
72
106
52
66
32
32
61
80
69
73
56
58
27
35
76
64
86
67
57
25
37
63
74
80
67
94
43
39
82
34
46
40
55
33
65
109
42
62
49
25
60
39
87
70
112
68
75
44
73
37
24
31
95
83
54
107
37
27
68
67
56
34
22
60
93
113
48
99
95
57
26
97
49
26
28
57
57
36
61
55
59
3
31
110
53
82
26
2
91
3
28
50
74
61
42
61
47
40
92
99
4
43
69
77
24
72
23
44
75
120
10
10
74
85
6
80
30
97
73
78
57
53
77
81
82
53
79
64
86
25
61
58
8
64
64
63
80
66
27
66
37
38
77
53
82
68
107
30
72
66
63
60
78
40
59
50
64
65
92
75
21
25
68
73
26
57
58
90
28
73
34
27
67
4
69
2
44
47
65
61
92
31
46
66
64
68
38
9
2
108
89
91
68
44
40
27
55
72
71
90
49
25
94
66
70
63
83
62
68
51
83
80
35
75
29
44
67
76
2
94
68
61
62
60
97
51
51
42
26
87
89
91
27
42
94
9
54
26
64
86
71
63
95
29
74
64
31
24
95
77
29
69
41
42
31
27
60
43
77
93
57
45
54
77
40
27
2
88
68
41
61
53
65
83
24
59
58
90
73
95
115
65
31
30
37
99
44
1
35
43
25
54
61
44
2
23
56
99
81
8
62
57
28
91
101
67
68
29
96
95
37
24
29
42
41
79
123
66
72
46
74
41
110
48
33
62
64
121
26
30
9
67
95
67
64
111
10
21
61
64
39
85
88
22
60
101
25
12
99
106
111
114
82
78
28
28
57
34
61
28
71
73
74
92
30
107
30
52
57
78
64
71
31
68
68
50
69
84
113
10
51
71
17
46
34
60
62
101
41
70
85
70
73
59
58
29
59
87
36
25
100
67
83
28
88
76
26
71
63
31
27
42
79
113
93
122
52
86
28
46
70
32
41
84
25
44
42
29
66
58
59
60
61
95
92
70
59
73
28
69
42
29
73
35
76
5
76
28
52
3
74
24
60
63
34
39
10
42
87
112
96
32
70
67
30
39
34
92
68
26
70
26
91
97
11
59
40
99
27
56
101
72
41
119
68
68
44
31
71
42
55
31
67
42
46
36
46
45
87
60
60
33
29
79
35
30
53
42
76
31
42
51
32
65
51
71
83
47
86
27
59
99
21
115
110
58
22
28
67
47
60
29
88
25
51
60
94
54
104
122
58
78
43
113
39
82
95
51
115
38
77
35
44
37
38
53
75
79
95
104
72
94
24
49
101
71
42
58
17
52
87
77
58
67
88
28
36
53
109
71
36
61
54
41
79
27
62
31
82
82
28
71
57
50
29
25
85
6
25
35
41
68
96
48
88
71
60
89
57
114
30
69
27
73
30
78
26
85
2
71
100
34
39
84
42
48
8
88
85
52
59
46
31
2
16
44
31
29
89
36
38
39
49
70
67
97
32
51
28
68
30
29
63
92
32
66
59
46
44
111
62
99
72
29
54
100
2
108
87
84
95
76
24
68
72
82
55
64
59
3
62
93
3
66
36
68
75
46
53
72
62
30
87
90
4
26
62
76
70
32
57
69
43
71
69
79
87
75
38
39
74
103
53
116
58
56
41
59
46
89
46
41
43
70
85
47
23
97
2
38
37
38
63
72
30
85
59
71
29
89
43
77
56
85
70
98
84
36
69
103
104
46
33
52
28
80
38
32
46
61
11
60
39
41
61
87
81
51
48
41
53
36
81
62
26
74
105
91
46
72
33
68
71
72
38
45
25
61
78
37
85
36
117
61
10
67
47
111
25
27
29
48
105
55
66
65
37
76
46
101
28
90
46
43
87
65
42
69
71
113
42
99
32
41
107
39
23
33
109
64
69
31
25
63
84
75
26
85
108
48
68
90
58
112
75
86
68
62
103
1
58
64
70
69
71
122
25
27
81
97
30
36
67
45
63
9
34
104
82
35
80
68
74
70
64
66
59
53
48
59
57
41
60
42
31
28
40
60
60
25
23
92
82
24
89
39
74
110
65
80
56
72
55
94
100
93
102
27
39
34
83
41
64
68
27
68
69
58
23
90
111
61
69
88
63
79
101
43
80
30
53
25
52
61
87
12
41
10
25
64
65
3
115
27
38
90
69
48
54
9
21
72
35
27
9
88
113
29
63
50
56
29
63
60
80
40
23
19
39
36
23
96
21
73
35
39
50
101
47
31
59
46
38
36
3
37
3
30
109
46
59
63
66
8
8
81
84
58
64
42
30
75
28
44
108
26
69
55
39
55
47
54
41
82
60
53
65
75
7
99
8
69
82
26
58
34
66
81
79
26
69
70
58
88
84
47
41
46
51
51
76
88
109
39
9
95
25
77
28
54
29
59
54
58
37
24
45
75
62
69
43
39
88
92
81
90
85
87
54
61
92
44
47
73
71
44
108
63
71
47
115
78
75
44
38
68
60
28
62
67
114
85
93
27
31
33
60
39
69
56
97
29
71
71
8
49
91
58
39
55
43
62
75
61
70
40
38
94
109
77
54
32
41
113
97
11
4
94
101
23
26
77
77
72
91
35
67
64
43
22
72
61
80
72
40
48
37
73
69
64
64
71
92
43
71
65
32
68
67
38
44
115
61
87
84
68
85
88
9
28
27
62
46
25
99
48
26
66
57
95
41
26
108
101
114
99
38
39
60
69
44
58
59
74
49
39
76
44
34
36
71
43
27
89
75
8
25
44
75
36
44
73
70
84
61
105
79
72
28
31
10
90
79
61
37
112
68
32
94
90
54
28
25
40
38
37
67
30
37
86
67
47
38
61
44
53
25
36
22
63
32
78
93
40
37
59
30
69
98
53
120
25
109
29
32
96
33
37
39
110
32
