713
602
663
680
764
773
899
1012
1017
1148
11
698
712
877
917
931
558
675
711
782
828
920
981
527
608
625
681
726
811
584
634
693
785
441
626
706
556
612
740
781
781
813
548
681
682
688
698
703
756
468
474
554
729
736
775
844
866
899
486
584
599
717
732
736
567
636
675
710
721
1392
584
883
856
551
557
467
627
645
469
685
724
728
736
767
770
819
886
963
454
572
698
797
1071
1128
12
560
621
671
676
723
899
9
574
586
594
694
792
893
583
632
600
697
766
771
933
704
561
576
1070
585
603
613
637
641
711
778
785
938
1027
3
5
11
13
15
576
753
768
784
788
792
794
988
483
568
628
724
615
756
1029
18
513
724
738
817
605
779
984
577
652
658
663
697
706
733
796
1247
20
23
594
598
675
682
687
691
696
716
812
810
761
499
544
753
770
853
861
885
989
560
623
720
757
814
985
559
597
660
714
733
791
796
917
931
1211
616
516
567
576
599
652
792
815
914
957
979
14
502
572
584
607
708
787
790
877
881
547
629
688
813
1031
632
759
778
804
668
512
595
669
678
689
724
733
827
868
920
551
742
772
518
564
622
638
664
690
764
809
857
915
970
4
538
553
673
758
796
924
952
1021
3
575
580
600
618
737
783
803
813
850
989
631
1092
2
5
11
14
497
672
680
812
857
1
9
571
620
655
772
801
810
943
837
930
431
7
675
791
797
834
490
905
914
524
637
677
703
713
717
805
13
649
701
706
737
545
636
508
578
594
665
706
818
834
863
19
939
7
10
27
586
624
658
689
704
760
786
818
1019
4
564
567
591
655
899
681
769
825
1066
12
17
556
694
819
905
433
436
491
495
596
726
760
583
595
5
663
671
693
744
791
812
846
903
422
498
542
578
626
684
818
829
875
9
609
626
696
699
815
945
586
632
1043
716
793
799
835
868
64
640
648
785
791
794
753
722
836
549
589
592
592
616
625
650
670
697
704
789
803
830
874
932
5
581
702
703
706
15
523
574
593
723
729
762
772
844
870
505
517
568
851
72
490
639
647
671
690
727
660
807
836
893
661
640
656
6
509
576
618
653
659
758
775
780
534
699
741
798
875
963
555
562
985
591
640
666
674
816
926
5
710
535
558
569
641
741
910
1032
1139
7
26
479
521
601
678
682
717
728
744
866
968
594
441
443
493
563
567
629
724
726
787
1027
6
9
12
485
579
602
585
651
1139
2
604
723
744
843
867
